59.382400 111.923600 8.061700 0.574878 0.013256 0.009315 -0.818079
61.846400 107.212800 10.296900 0.544154 0.046311 0.030102 -0.837165
64.310400 102.502000 12.532100 0.510672 0.051562 0.030701 -0.857679
66.774400 97.791200 14.767400 0.476044 0.071933 0.039108 -0.875602
69.238400 93.080400 17.002600 0.432763 0.097304 0.047050 -0.895005
71.702400 88.369500 19.237900 0.394564 0.110085 0.047679 -0.911003
74.166400 83.658700 21.473200 0.339305 0.138613 0.050625 -0.929029
76.630400 78.947900 23.708400 0.294751 0.149937 0.046887 -0.942572
79.094400 74.237100 25.943600 0.246082 0.186808 0.048397 -0.949844
81.558400 69.526300 28.178900 0.196499 0.207282 0.042543 -0.957399
81.558400 69.526300 28.178900 0.203147 0.222240 0.047403 -0.952414
77.026600 67.397400 27.057100 0.206609 0.213039 0.046146 -0.953833
72.494800 65.268500 25.935300 0.205909 0.215768 0.046603 -0.953349
67.962900 63.139600 24.813500 0.222161 0.239503 0.056398 -0.943452
63.431100 61.010700 23.691700 0.214608 0.269990 0.061864 -0.936601
58.899300 58.881900 22.569800 0.212180 0.267939 0.060620 -0.937824
54.367500 56.753000 21.448000 0.239662 0.285767 0.074050 -0.924887
49.835700 54.624100 20.326200 0.262533 0.322708 0.093664 -0.904524
45.303800 52.495200 19.204400 0.262297 0.379212 0.113013 -0.880129
40.772000 50.366300 18.082600 0.350081 0.412412 0.175529 -0.822526
40.694000 46.487700 20.142100 0.099639 0.518857 0.061049 -0.846837
45.147700 44.738000 23.323300 0.033542 0.467903 0.017775 -0.882964
49.601500 42.988300 26.504600 0.017230 0.461308 0.008961 -0.887027
54.055300 41.238600 29.685800 0.020580 -0.423885 0.009635 0.905431
58.509100 39.488900 32.867100 0.061007 -0.404508 0.027056 0.912096
62.962800 37.739200 36.048400 0.093684 -0.391701 0.040130 0.914430
67.416600 35.989500 39.229600 0.099623 -0.376257 0.040733 0.920243
71.870400 34.239800 42.410900 0.123680 -0.374393 0.050463 0.917599
76.324100 32.490100 45.592100 0.129014 -0.371102 0.052148 0.918106
80.777900 30.740400 48.773400 0.132823 -0.366569 0.052961 0.919337
81.573200 27.877300 48.614300 0.160137 -0.352722 0.061404 0.919877
82.368500 25.014100 48.455300 0.179971 -0.344187 0.067402 0.919023
83.163800 22.151000 48.296200 0.214298 -0.331774 0.077669 0.915407
83.959100 19.287900 48.137200 0.207685 -0.326529 0.073782 0.919131
84.754400 16.424700 47.978100 0.224187 -0.321137 0.078532 0.916757
85.549800 13.561600 47.819000 0.242383 -0.307897 0.081436 0.916416
86.345100 10.698500 47.660000 0.247523 -0.309421 0.083766 0.914317
87.140400 7.835400 47.500900 0.246765 -0.302001 0.081249 0.917225
87.935700 4.972200 47.341900 0.258141 -0.284958 0.079986 0.919655
88.731000 2.109100 47.182800 0.270737 -0.282329 0.083398 0.916535
88.731000 2.109100 47.182800 0.257758 -0.281887 0.078908 0.920801
84.037200 2.329200 47.827400 0.273221 -0.289156 0.086496 0.913377
79.343300 2.549400 48.472000 0.290860 -0.308689 0.099752 0.900090
74.649500 2.769500 49.116700 0.304787 -0.310073 0.105675 0.894311
69.955600 2.989600 49.761300 0.334088 -0.329526 0.125957 0.874032
65.261800 3.209700 50.405900 0.364526 -0.349536 0.149902 0.849985
60.568000 3.429900 51.050500 0.385066 -0.349045 0.160161 0.839190
55.874100 3.650000 51.695100 0.412882 -0.363839 0.184476 0.814320
51.180300 3.870100 52.339800 0.454672 -0.373657 0.218236 0.778477
46.486400 4.090300 52.984400 0.499941 -0.369340 0.248559 0.742876
41.792600 4.310400 53.629000 0.539959 -0.362412 0.276576 0.707536
41.237400 8.703100 49.962200 0.532403 -0.370196 0.278137 0.708619
40.682100 13.095800 46.295400 0.529239 -0.365589 0.270053 0.716465
40.126900 17.488500 42.628500 0.520332 -0.381321 0.278916 0.711375
39.571600 21.881200 38.961700 0.514235 -0.392698 0.285656 0.706931
39.016400 26.273900 35.294900 0.491784 -0.425442 0.299714 0.698083
38.461200 30.666600 31.628100 0.397087 -0.482624 0.260414 0.735921
37.905900 35.059300 27.961300 0.343187 -0.529884 0.247413 0.735005
37.350700 39.452000 24.294400 0.226739 -0.570781 0.167831 0.771124
36.795400 43.844700 20.627600 0.031513 0.611970 0.024415 -0.789876
31.290900 50.206900 19.652400 0.731893 0.268100 0.444727 -0.441217
26.341500 52.176400 22.344000 0.770401 0.227119 0.454967 -0.384583
21.392100 54.145800 25.035600 0.824669 0.171384 0.422934 -0.334178
16.442800 56.115300 27.727200 0.860554 0.137285 0.378138 -0.312430
11.493400 58.084800 30.418800 0.876827 0.121165 0.359155 -0.295807
6.544100 60.054300 33.110500 0.889090 0.109620 0.338599 -0.287841
1.594700 62.023800 35.802100 0.909410 0.085328 0.334459 -0.232011
-3.354600 63.993200 38.493700 0.914620 0.080685 0.324323 -0.227540
-8.304000 65.962700 41.185300 0.917005 0.079297 0.316020 -0.230099
-13.253300 67.932200 43.876900 0.922597 0.073220 0.309582 -0.218205
-13.253300 67.932200 43.876900 0.926663 0.066463 0.313503 -0.196453
-12.439600 62.463300 44.207500 0.924372 0.066642 0.323929 -0.190172
-11.625900 56.994500 44.538100 0.922010 0.059120 0.349371 -0.156022
-10.812100 51.525600 44.868700 0.915309 0.056322 0.374250 -0.137749
-9.998400 46.056700 45.199300 0.919533 0.032492 0.383855 -0.077835
-9.184700 40.587800 45.529800 0.914511 -0.005049 0.404368 0.011418
-8.371000 35.119000 45.860400 0.914694 -0.024373 0.399533 0.055799
-7.557300 29.650100 46.191000 0.909374 -0.043934 0.401506 0.099506
-6.743500 24.181200 46.521600 0.895829 -0.072398 0.408744 0.158672
-5.929800 18.712400 46.852200 0.885616 -0.098923 0.396256 0.221088
